2.3749999999999707
2.3349999999999715
2.3899999999999704
2.40499999999997
2.3299999999999716
2.3399999999999714
2.3799999999999706
2.40499999999997
2.4399999999999693
2.3349999999999715
2.364999999999971
2.40499999999997
2.359999999999971
2.3799999999999706
2.3399999999999714
2.319999999999972
2.3249999999999718
2.354999999999971
2.3899999999999704
2.3499999999999712
2.4199999999999697
2.3349999999999715
2.40499999999997
2.3399999999999714
2.41499999999997
2.39999999999997
2.2999999999999723
2.3749999999999707
2.3849999999999705
2.40999999999997
2.369999999999971
2.3899999999999704
2.369999999999971
2.319999999999972
2.354999999999971
