2.3399999999999714
2.354999999999971
2.274999999999973
2.2349999999999737
2.264999999999973
2.2899999999999725
2.259999999999973
2.264999999999973
2.2549999999999732
2.2899999999999725
2.3399999999999714
2.2849999999999726
1.0
2.264999999999973
2.309999999999972
2.2799999999999727
2.304999999999972
2.3299999999999716
2.3349999999999715
2.214999999999974
2.2499999999999734
2.2799999999999727
2.309999999999972
2.2799999999999727
2.2999999999999723
2.359999999999971
2.259999999999973
2.2799999999999727
2.309999999999972
2.264999999999973
