2.2449999999999735
2.2549999999999732
2.304999999999972
2.2449999999999735
2.224999999999974
2.2349999999999737
2.2349999999999737
2.2449999999999735
2.2949999999999724
2.274999999999973
2.359999999999971
2.274999999999973
2.2549999999999732
2.2799999999999727
2.2949999999999724
2.219999999999974
2.2799999999999727
2.2849999999999726
2.2899999999999725
2.0899999999999768
2.2849999999999726
2.2999999999999723
2.274999999999973
2.2849999999999726
2.2999999999999723
2.2049999999999743
2.314999999999972
2.3299999999999716
2.3399999999999714
2.179999999999975
2.3249999999999718
2.3349999999999715
