2.364999999999971
2.2499999999999734
2.3299999999999716
2.364999999999971
2.219999999999974
2.264999999999973
2.274999999999973
2.2899999999999725
2.319999999999972
2.2549999999999732
2.259999999999973
2.3449999999999713
2.3449999999999713
2.2849999999999726
2.2999999999999723
2.2949999999999724
2.3249999999999718
2.2899999999999725
2.3399999999999714
2.229999999999974
2.3249999999999718
2.219999999999974
2.2349999999999737
2.2549999999999732
2.214999999999974
2.309999999999972
